%YAML:1.0
---
camera_matrix: !!opencv-matrix
   rows: 3
   cols: 3
   dt: d
   data: [ 1.7169361288730527e+03, 0., 1.6501879415297390e+03, 0.,
       1.7317286640560410e+03, 1.2352208811597986e+03, 0., 0., 1. ]
distortion_coefficients: !!opencv-matrix
   rows: 5
   cols: 1
   dt: d
   data: [ 6.2654206211707739e-02, -1.8288508448112023e-01,
       3.9741951277825092e-03, -6.7402087834383679e-04,
       1.5741106961910720e-01 ]
image_width: 3264
image_height: 2448
reprojection_error: 2.4454585984280358e-01
calibration_time: "Sun Aug 31 02:04:43 2025\n"
