%YAML:1.0
---
board_width: 9
board_height: 6
image_count: 11
scale_factor: 1.
image_files:
   - "6.jpg"
   - "8.jpg"
   - "9.jpg"
   - "4.jpg"
   - "11.jpg"
   - "5.jpg"
   - "12.jpg"
   - "10.jpg"
   - "2.jpg"
   - "3.jpg"
   - "7.jpg"
corners:
   - [ 1.02583411e+03, 7.95199219e+02, 9.53375977e+02, 8.12605957e+02,
       8.78505310e+02, 8.32787415e+02, 8.09768005e+02, 8.49601074e+02,
       7.35777405e+02, 8.69312683e+02, 6.70793518e+02, 8.86023071e+02,
       6.00966919e+02, 9.05200867e+02, 5.37862244e+02, 9.22233643e+02,
       4.70437042e+02, 9.40389282e+02, 1.03232263e+03, 7.27933716e+02,
       9.59835938e+02, 7.47571167e+02, 8.89455627e+02, 7.64870544e+02,
       8.18117737e+02, 7.85976685e+02, 7.46422363e+02, 8.05918152e+02,
       6.81072510e+02, 8.23448242e+02, 6.16618225e+02, 8.39172913e+02,
       5.49815186e+02, 8.58897217e+02, 4.84733032e+02, 8.77980652e+02,
       1.03922156e+03, 6.62787903e+02, 9.65656982e+02, 6.84033081e+02,
       8.97700134e+02, 7.02528503e+02, 8.26172302e+02, 7.23030029e+02,
       7.59786072e+02, 7.40643250e+02, 6.94218506e+02, 7.57717651e+02,
       6.27972778e+02, 7.77662842e+02, 5.61721008e+02, 7.97574036e+02,
       5.00750854e+02, 8.13657959e+02, 1.04498267e+03, 5.99787354e+02,
       9.75439575e+02, 6.19693542e+02, 9.05216492e+02, 6.39940063e+02,
       8.37453735e+02, 6.59207642e+02, 7.71806030e+02, 6.77137756e+02,
       7.04316101e+02, 6.97315369e+02, 6.38494202e+02, 7.17948059e+02,
       5.77006775e+02, 7.34836304e+02, 5.13620667e+02, 7.54592957e+02,
       1.05191333e+03, 5.38159668e+02, 9.81968018e+02, 5.58954651e+02,
       9.13766296e+02, 5.78702148e+02, 8.48097351e+02, 5.97996399e+02,
       7.81236145e+02, 6.18248657e+02, 7.15363831e+02, 6.38375244e+02,
       6.52834595e+02, 6.57051514e+02, 5.89425171e+02, 6.76495239e+02,
       5.29082153e+02, 6.94010254e+02, 1.05842346e+03, 4.77877045e+02,
       9.89533325e+02, 4.98998169e+02, 9.22732361e+02, 5.18931763e+02,
       8.56095337e+02, 5.39960388e+02, 7.92271973e+02, 5.58880554e+02,
       7.27802795e+02, 5.79698730e+02, 6.63783447e+02, 5.99737732e+02,
       6.02418762e+02, 6.17950256e+02, 5.40517212e+02, 6.38876038e+02 ]
   - [ 1.85745642e+03, 1.18637720e+03, 1.82366528e+03, 1.19645642e+03,
       1.79106384e+03, 1.20663818e+03, 1.75794861e+03, 1.21622925e+03,
       1.72612354e+03, 1.22574963e+03, 1.69442712e+03, 1.23520691e+03,
       1.66337524e+03, 1.24459485e+03, 1.63243579e+03, 1.25372925e+03,
       1.60241431e+03, 1.26267285e+03, 1.84145068e+03, 1.15366882e+03,
       1.80797400e+03, 1.16395337e+03, 1.77482727e+03, 1.17424207e+03,
       1.74227405e+03, 1.18419775e+03, 1.71013257e+03, 1.19392554e+03,
       1.67847241e+03, 1.20382727e+03, 1.64733411e+03, 1.21340527e+03,
       1.61680554e+03, 1.22288940e+03, 1.58609766e+03, 1.23200525e+03,
       1.82554199e+03, 1.12045618e+03, 1.79198425e+03, 1.13092932e+03,
       1.75883447e+03, 1.14157703e+03, 1.72602490e+03, 1.15186682e+03,
       1.69422900e+03, 1.16210486e+03, 1.66234302e+03, 1.17203040e+03,
       1.63109778e+03, 1.18172229e+03, 1.60044788e+03, 1.19164111e+03,
       1.56996558e+03, 1.20125476e+03, 1.80973376e+03, 1.08684436e+03,
       1.77575403e+03, 1.09782935e+03, 1.74274231e+03, 1.10861536e+03,
       1.71003430e+03, 1.11922705e+03, 1.67769849e+03, 1.12972949e+03,
       1.64632141e+03, 1.14004663e+03, 1.61470715e+03, 1.15030017e+03,
       1.58412427e+03, 1.16024548e+03, 1.55338904e+03, 1.17006506e+03,
       1.79327136e+03, 1.05283533e+03, 1.75962756e+03, 1.06413074e+03,
       1.72643274e+03, 1.07533655e+03, 1.69367078e+03, 1.08625110e+03,
       1.66114099e+03, 1.09687903e+03, 1.62961353e+03, 1.10777881e+03,
       1.59845984e+03, 1.11809814e+03, 1.56743799e+03, 1.12854590e+03,
       1.53747852e+03, 1.13874646e+03, 1.77697595e+03, 1.01871661e+03,
       1.74331970e+03, 1.03050427e+03, 1.70974438e+03, 1.04187170e+03,
       1.67767590e+03, 1.05332458e+03, 1.64482764e+03, 1.06411670e+03,
       1.61302344e+03, 1.07489673e+03, 1.58180103e+03, 1.08557776e+03,
       1.55064246e+03, 1.09627649e+03, 1.52034839e+03, 1.10642627e+03 ]
   - [ 1.06182434e+03, 1.74833130e+03, 1.03469617e+03, 1.75079077e+03,
       1.00831189e+03, 1.75283691e+03, 9.82065979e+02, 1.75526196e+03,
       9.56098328e+02, 1.75708704e+03, 9.31191650e+02, 1.75962024e+03,
       9.07056519e+02, 1.76149377e+03, 8.82120422e+02, 1.76352283e+03,
       8.58049561e+02, 1.76516577e+03, 1.04663269e+03, 1.71278381e+03,
       1.01960303e+03, 1.71516602e+03, 9.93422119e+02, 1.71812585e+03,
       9.67359375e+02, 1.72063098e+03, 9.41664795e+02, 1.72313635e+03,
       9.16406799e+02, 1.72536926e+03, 8.91965820e+02, 1.72756470e+03,
       8.67857788e+02, 1.73024780e+03, 8.43672791e+02, 1.73229041e+03,
       1.03193140e+03, 1.67703247e+03, 1.00454272e+03, 1.68020679e+03,
       9.78715820e+02, 1.68311646e+03, 9.52215210e+02, 1.68578748e+03,
       9.26843811e+02, 1.68879797e+03, 9.01517639e+02, 1.69134680e+03,
       8.76543884e+02, 1.69345569e+03, 8.52558167e+02, 1.69653198e+03,
       8.29054382e+02, 1.69915295e+03, 1.01671399e+03, 1.64087952e+03,
       9.89958130e+02, 1.64448792e+03, 9.63251038e+02, 1.64747607e+03,
       9.37225098e+02, 1.65081665e+03, 9.11697632e+02, 1.65382373e+03,
       8.86394592e+02, 1.65677161e+03, 8.61786743e+02, 1.65984412e+03,
       8.37929504e+02, 1.66264355e+03, 8.13638245e+02, 1.66544177e+03,
       1.00102509e+03, 1.60488135e+03, 9.74487244e+02, 1.60833215e+03,
       9.48091187e+02, 1.61217285e+03, 9.21878601e+02, 1.61555933e+03,
       8.96720581e+02, 1.61905310e+03, 8.71273132e+02, 1.62223181e+03,
       8.46818359e+02, 1.62549365e+03, 8.22749817e+02, 1.62879272e+03,
       7.98855042e+02, 1.63158594e+03, 9.85593262e+02, 1.56875879e+03,
       9.58935181e+02, 1.57262195e+03, 9.32500854e+02, 1.57651624e+03,
       9.06876221e+02, 1.58012122e+03, 8.80971802e+02, 1.58383618e+03,
       8.55884338e+02, 1.58734009e+03, 8.31272461e+02, 1.59087695e+03,
       8.07307129e+02, 1.59444983e+03, 7.83589539e+02, 1.59791870e+03 ]
   - [ 5.89826233e+02, 5.53126892e+02, 5.37904419e+02, 5.86586426e+02,
       4.86570099e+02, 6.12260803e+02, 4.37190033e+02, 6.43617126e+02,
       3.90577576e+02, 6.68476440e+02, 3.43052246e+02, 6.97304749e+02,
       2.99545563e+02, 7.21247498e+02, 2.53677277e+02, 7.49175171e+02,
       2.12590561e+02, 7.71694031e+02, 5.84791199e+02, 4.78642670e+02,
       5.31057678e+02, 5.11452026e+02, 4.82592804e+02, 5.39325500e+02,
       4.31943665e+02, 5.70618774e+02, 3.86358917e+02, 5.96677368e+02,
       3.38584137e+02, 6.26076477e+02, 2.94481476e+02, 6.50922974e+02,
       2.50145966e+02, 6.79077637e+02, 2.09291321e+02, 7.02131470e+02,
       5.74883484e+02, 4.08392029e+02, 5.26085938e+02, 4.37908600e+02,
       4.73872864e+02, 4.70691742e+02, 4.27618103e+02, 4.98723389e+02,
       3.78639893e+02, 5.30479675e+02, 3.31427521e+02, 5.61393311e+02,
       2.88871124e+02, 5.86277283e+02, 2.46106567e+02, 6.10866760e+02,
       2.03376617e+02, 6.39019653e+02, 5.69942627e+02, 3.36002258e+02,
       5.17625244e+02, 3.70701843e+02, 4.68696075e+02, 4.00411469e+02,
       4.19568848e+02, 4.32741730e+02, 3.73694427e+02, 4.61236572e+02,
       3.27228149e+02, 4.91489044e+02, 2.84512787e+02, 5.17350830e+02,
       2.39395935e+02, 5.46804749e+02, 1.99160507e+02, 5.72180664e+02,
       5.61321167e+02, 2.68250305e+02, 5.11946960e+02, 2.99666779e+02,
       4.62304962e+02, 3.33911224e+02, 4.14773651e+02, 3.63468628e+02,
       3.67269592e+02, 3.95684052e+02, 3.23361176e+02, 4.23153809e+02,
       2.77660553e+02, 4.54081604e+02, 2.34165192e+02, 4.85156006e+02,
       1.93562073e+02, 5.09592163e+02, 5.55790039e+02, 1.97081680e+02,
       5.04154327e+02, 2.32699966e+02, 4.56299835e+02, 2.64100800e+02,
       4.08254883e+02, 2.98619263e+02, 3.60908600e+02, 3.31355896e+02,
       3.17342834e+02, 3.60001923e+02, 2.71194489e+02, 3.92408173e+02,
       2.30498001e+02, 4.17948517e+02, 1.87424149e+02, 4.48564026e+02 ]
   - [ 6.83412048e+02, 1.49981873e+03, 6.42207520e+02, 1.51744641e+03,
