%YAML:1.0
---
R1: !!opencv-matrix
   rows: 3
   cols: 3
   dt: d
   data: [ 9.9999947724677052e-01, -1.0224998465518877e-03,
       -4.9948705731092631e-07, 1.0224998465518877e-03,
       9.9999899999037811e-01, 9.7699145725915347e-04,
       -4.9948705731092631e-07, -9.7699145725915347e-04,
       9.9999952274360759e-01 ]
R2: !!opencv-matrix
   rows: 3
   cols: 3
   dt: d
   data: [ 9.9999947724677052e-01, -1.0224998465518877e-03,
       -4.9948705731092631e-07, 1.0224998465518877e-03,
       9.9999899999037811e-01, 9.7699145725915347e-04,
       -4.9948705731092631e-07, -9.7699145725915347e-04,
       9.9999952274360759e-01 ]
P1: !!opencv-matrix
   rows: 3
   cols: 4
   dt: d
   data: [ -1.1284905614885393e-01, 0., 1.3994080649372936e+03, 0., 0.,
       -1.1284905614885393e-01, 2.1025213446139533e+03, 0., 0., 0., 1.,
       0. ]
P2: !!opencv-matrix
   rows: 3
   cols: 4
   dt: d
   data: [ -1.1284905614885393e-01, 0., 1.3994080649372936e+03, 0., 0.,
       -1.1284905614885393e-01, 2.1025213446139533e+03,
       -3.1308156619398889e-18, 0., 0., 1., 0. ]
Q: !!opencv-matrix
   rows: 4
   cols: 4
   dt: d
   data: [ 1., 0., 0., -1.3994080649372936e+03, 0., 1., 0.,
       -2.1025213446139533e+03, 0., 0., 0., -1.1284905614885393e-01, 0.,
       0., -3.6044618506517680e+16, 0. ]
left_roi_x: 1399
left_roi_y: 2103
left_roi_width: 1865
left_roi_height: 198
right_roi_x: 1399
right_roi_y: 2103
right_roi_width: 1865
right_roi_height: 198
