%YAML:1.0
---
left_camera_matrix: !!opencv-matrix
   rows: 3
   cols: 3
   dt: d
   data: [ 1., 0., 0., 0., 1., 0., 0., 0., 1. ]
left_distortion_coefficients: !!opencv-matrix
   rows: 5
   cols: 1
   dt: d
   data: [ 0., 0., 0., 0., 0. ]
right_camera_matrix: !!opencv-matrix
   rows: 3
   cols: 3
   dt: d
   data: [ 1., 0., 0., 0., 1., 0., 0., 0., 1. ]
right_distortion_coefficients: !!opencv-matrix
   rows: 5
   cols: 1
   dt: d
   data: [ 0., 0., 0., 0., 0. ]
rotation_matrix: !!opencv-matrix
   rows: 3
   cols: 3
   dt: d
   data: [ 1., -2.1958791743155820e-12, 9.7526877103543073e-15,
       2.1958791743155820e-12, 1., 4.1653028175432240e-15,
       -9.7526877103543073e-15, -4.1653028175432240e-15, 1. ]
translation_vector: !!opencv-matrix
   rows: 3
   cols: 1
   dt: d
   data: [ 5.5980281820147205e-12, 3.7527671384583412e-12,
       6.1814484457620118e-15 ]
essential_matrix: !!opencv-matrix
   rows: 3
   cols: 3
   dt: d
   data: [ -5.0173279860218388e-26, -6.1814484457776431e-15,
       3.7527671384583412e-12, 6.1814484458166073e-15,
       9.7437686500780627e-27, -5.5980281820147205e-12,
       -3.7527671384460490e-12, 5.5980281820229608e-12,
       -1.3282083391831875e-26 ]
fundamental_matrix: !!opencv-matrix
   rows: 3
   cols: 3
   dt: d
   data: [ 3.7775157992964874e+00, 4.6539750304376703e+11,
       -2.8254356095717575e+14, -4.6539750304670062e+11,
       -7.3360242987709434e-01, 4.2147214536067119e+14,
       2.8254356095625031e+14, -4.2147214536129156e+14, 1. ]
image_width: 3264
image_height: 2448
reprojection_error: 1.0309316671959099e+01
calibration_time: "Sat Aug 30 16:43:51 2025\n"
