%YAML:1.0
---
R1: !!opencv-matrix
   rows: 3
   cols: 3
   dt: d
   data: [ 8.3007264187531782e-01, 5.5765452078178401e-01,
       9.1905482391889458e-04, -5.5765452078178401e-01,
       8.3007310342080520e-01, -2.8005176716892059e-04,
       -9.1905482391889458e-04, -2.8005176716892059e-04,
       9.9999953845451262e-01 ]
R2: !!opencv-matrix
   rows: 3
   cols: 3
   dt: d
   data: [ 8.3007264187531782e-01, 5.5765452078178401e-01,
       9.1905482391889458e-04, -5.5765452078178401e-01,
       8.3007310342080520e-01, -2.8005176716892059e-04,
       -9.1905482391889458e-04, -2.8005176716892059e-04,
       9.9999953845451262e-01 ]
P1: !!opencv-matrix
   rows: 3
   cols: 4
   dt: d
   data: [ 1., 0., 1.2656316977264214e+03, 0., 0., 1.,
       -5.9790179308516963e+02, 0., 0., 0., 1., 0. ]
P2: !!opencv-matrix
   rows: 3
   cols: 4
   dt: d
   data: [ 1., 0., 1.2656316977264214e+03, 2.1222678259293192e-11, 0.,
       1., -5.9790179308516963e+02, 0., 0., 0., 1., 0. ]
Q: !!opencv-matrix
   rows: 4
   cols: 4
   dt: d
   data: [ 1., 0., 0., -1.2656316977264214e+03, 0., 1., 0.,
       5.9790179308516963e+02, 0., 0., 0., 1., 0., 0.,
       -4.7119406315369751e+10, 0. ]
left_roi_x: 0
left_roi_y: 0
left_roi_width: 0
left_roi_height: 0
right_roi_x: 0
right_roi_y: 0
right_roi_width: 0
right_roi_height: 0
