%YAML:1.0
---
R1: !!opencv-matrix
   rows: 3
   cols: 3
   dt: d
   data: [ 8.3062631926812802e-01, 5.5682948601487381e-01,
       9.1719326936312410e-04, -5.5682948601487381e-01,
       8.3062677880674851e-01, -2.7898662407517029e-04,
       -9.1719326936312410e-04, -2.7898662407517029e-04,
       9.9999954046137951e-01 ]
R2: !!opencv-matrix
   rows: 3
   cols: 3
   dt: d
   data: [ 8.3062631926812802e-01, 5.5682948601487381e-01,
       9.1719326936312410e-04, -5.5682948601487381e-01,
       8.3062677880674851e-01, -2.7898662407517029e-04,
       -9.1719326936312410e-04, -2.7898662407517029e-04,
       9.9999954046137951e-01 ]
P1: !!opencv-matrix
   rows: 3
   cols: 4
   dt: d
   data: [ 1., 0., 1.2785962062484468e+03, 0., 0., 1.,
       -5.8562987791566411e+02, 0., 0., 0., 1., 0. ]
P2: !!opencv-matrix
   rows: 3
   cols: 4
   dt: d
   data: [ 1., 0., 1.2785962062484468e+03, 6.7395266104103141e-12, 0.,
       1., -5.8562987791566411e+02, 0., 0., 0., 1., 0. ]
Q: !!opencv-matrix
   rows: 4
   cols: 4
   dt: d
   data: [ 1., 0., 0., -1.2785962062484468e+03, 0., 1., 0.,
       5.8562987791566411e+02, 0., 0., 0., 1., 0., 0.,
       -1.4837837400260941e+11, 0. ]
left_roi_x: 0
left_roi_y: 0
left_roi_width: 0
left_roi_height: 0
right_roi_x: 0
right_roi_y: 0
right_roi_width: 0
right_roi_height: 0
