%YAML:1.0
---
left_camera_matrix: !!opencv-matrix
   rows: 3
   cols: 3
   dt: d
   data: [ 1., 0., 0., 0., 1., 0., 0., 0., 1. ]
left_distortion_coefficients: !!opencv-matrix
   rows: 5
   cols: 1
   dt: d
   data: [ 0., 0., 0., 0., 0. ]
right_camera_matrix: !!opencv-matrix
   rows: 3
   cols: 3
   dt: d
   data: [ 1., 0., 0., 0., 1., 0., 0., 0., 1. ]
right_distortion_coefficients: !!opencv-matrix
   rows: 5
   cols: 1
   dt: d
   data: [ 0., 0., 0., 0., 0. ]
rotation_matrix: !!opencv-matrix
   rows: 3
   cols: 3
   dt: d
   data: [ 1., 0., 0., 0., 1., 0., 0., 0., 1. ]
translation_vector: !!opencv-matrix
   rows: 3
   cols: 1
   dt: d
   data: [ 2.8367614609603085e-20, 2.7743364791322612e-17,
       2.7105057501830874e-20 ]
essential_matrix: !!opencv-matrix
   rows: 3
   cols: 3
   dt: d
   data: [ 0., -2.7105057501830874e-20, 2.7743364791322612e-17,
       2.7105057501830874e-20, 0., -2.8367614609603085e-20,
       -2.7743364791322612e-17, 2.8367614609603085e-20, 0. ]
fundamental_matrix: !!opencv-matrix
   rows: 3
   cols: 3
   dt: d
   data: [ 0., -2.7105057501830874e-20, 2.7743364791322612e-17,
       2.7105057501830874e-20, 0., -2.8367614609603085e-20,
       -2.7743364791322612e-17, 2.8367614609603085e-20, 0. ]
image_width: 3264
image_height: 2448
reprojection_error: 3.0246180010985113e+00
calibration_time: "Sun Aug 31 02:36:35 2025\n"
