%YAML:1.0
---
camera_matrix: !!opencv-matrix
   rows: 3
   cols: 3
   dt: d
   data: [ 2.4740849850257123e+03, 0., 1.6086400240757469e+03, 0.,
       2.4769672094612924e+03, 1.2494018362741374e+03, 0., 0., 1. ]
distortion_coefficients: !!opencv-matrix
   rows: 5
   cols: 1
   dt: d
   data: [ 2.6235882086986440e-01, -9.7074547021780810e-01,
       3.8414342707906671e-03, -4.2276840076927698e-03,
       1.0448692484564972e+00 ]
image_width: 3264
image_height: 2448
reprojection_error: 1.0769501462832507e+00
calibration_time: "Sat Aug 30 16:43:51 2025\n"
